ajay433 52861 54687 64000 18444 51866 12967 57964 
nat_singh 63985 32912 54313 10030 5786 49997 50262 57964 
vni_kappor 42633 42350 64000 51139 4602 26191 8724 
kohli_ajay3 36590 51866 20256 61703 28459 24819 10030 
tarun_kumarrr 64000 52751 49870 48817 62 22364 18444 
gogoi_aruna23 52751 49997 22364 12401 30310 36590 52395 
sippy_filora 12967 50262 52751 28484 37413 60447 
tk_grewal4956 28484 36590 27834 62 49997 49870 57964 
meksha_malhotra43 24819 27834 56535 3149 30310 26191 
aman_manchan0a 20256 58701 49870 2872 28484 27834 10030 48817 
small_king 54687 51139 27834 52395 30310 51866 3387 60447 12947 
kumari_39ria 27834 40694 57681 3387 60447 49997 37413 37354 36590 
tom_tom 64000 52861 50262 58701 10030 15219 
amirchand9_9 40694 30310 52395 34434 52861 28459 57964 
brand_rohit 49997 3149 51139 52395 26191 57681 33796 28484 42633 
champ_sohit32 34434 36590 22364 42350 57964 27834 
seema_awasth1 3387 20256 33796 3149 56535 37413 
memko_kap 57964 15219 50262 52395 45934 51866 42350 2872 49997 
random_boy 3149 15219 52751 10030 49870 2872 24819 48817 
raja_kumar 37354 20256 62 57681 2872 64000 
dn_thomas32 49870 40694 52395 24819 52751 51139 54313 33796 36590 
hero_becker 62 10030 4602 51139 27834 42350 54313 54687 
bishnoi_mahal 57964 5786 48817 26191 50262 63985 
ed_michael34 52751 20256 48817 37354 36590 54313 
ramesh_192e 62 49870 56535 26191 10030 45934 
top_boy_bob 12967 54313 49997 5786 57964 57681 50262 52861 
kevin4all 56535 51139 28484 54687 30310 61703 49997 34434 
giri_ram 49870 51866 45934 10030 50262 24819 33796 56535 
kia_lopotera 20256 3387 42633 8724 42350 12947 12967 
nashkya_kumari34 56535 52751 48817 57681 4602 18444 61703 30310 
rohan_pak 42350 15219 45934 4602 32912 33796 24819 
john_john 63985 12947 27834 60447 37413 57681 28484 50262 
no_wonder 52861 57681 48817 62 33796 57964 
kavya_4394 22364 15219 57681 20256 3149 32912 
singh1ram 12947 56535 2872 36590 3149 52861 64000 
kamini_at20333 49997 56535 48817 61703 3387 51139 
ramprasad4334 40694 54313 30310 28484 2872 51866 63985 
alka0sinha22 51866 30310 18444 63985 54313 12401 
malini4343 32912 33796 20256 56535 37413 48817 62 61703 
akshay0forza 57964 12967 4602 52751 15219 3149 32912 54687 52861 
kang_kuldeep 8724 2872 22364 28459 61703 3149 
alpha_girl 45934 37354 27834 54687 49870 33796 42633 
j32ongc 40694 3387 48817 12401 26191 57681 30310 3149 
rexa_philip 58701 42633 2872 51866 12401 42350 
mohan_2001 57964 12947 64000 42633 22364 4602 
mohini_del 18444 49997 3149 42633 52861 51866 5786 28484 
strong_boy_avinash 20256 48817 32912 60447 64000 18444 52861 15219 28459 
mohit_nadia 15219 42633 52751 24819 26191 50262 
ashwini2033 62 64000 32912 3149 63985 54313 
edwards_i2001 15219 3149 18444 12967 12401 10030 2872 
